72   
2    

1    
  0.0145915500709273   0.0000000000000021   0.0262123380591587
  -0.7447065500   -0.0156681600   -0.3707733900
   0.0652121000   -0.0133644800   -0.0001273700
   0.0092642900   -0.0036928200   -0.0016516800
   0.0060315600    0.0000061400    0.0000664000
   0.0091889000    0.0037300600   -0.0016996800
   0.0638945300    0.0135590800    0.0013265500
  -0.0169582100   -0.0603316800    0.0007705900
  -0.0166269000    0.0605204500    0.0004434700
   0.0082003900    0.0054361000    0.0002331800
   0.0054627200    0.0004068800   -0.0000949500
   0.0054506000   -0.0004569300   -0.0000927900
   0.0082079000   -0.0054540200    0.0002595600
  -0.0029942900   -0.0107146700   -0.0016888000
  -0.0012242900    0.0000429800    0.0002461600
  -0.0028815600    0.0107526100   -0.0016625700
   0.0020526300    0.0038429100   -0.0000946000
   0.0024906800    0.0000121500   -0.0001029000
   0.0020788900   -0.0037934800   -0.0000931300
  -0.0002143600   -0.0035836100    0.0000674000
   0.0000561900   -0.0026445700   -0.0000938500
   0.0001057200    0.0026998800   -0.0000938400
  -0.0001653500    0.0036000100    0.0000655400
   0.0000734700    0.0012787800   -0.0000935100
   0.0000878200   -0.0012077500   -0.0000941900
  -0.0030061600   -0.0033292300   -0.0016656000
   0.0020490000   -0.0023977400   -0.0000948600
   0.0024909100    0.0000109900   -0.0001028700
   0.0020827300    0.0023807900   -0.0000928200
  -0.0028689100    0.0032956400   -0.0016873500
  -0.0012259100    0.0000856700    0.0002468600
  -0.0171490500   -0.0336288700    0.0000509200
   0.0081899000   -0.0054322000    0.0002534500
   0.0054710500   -0.0018471600   -0.0000948800
   0.0054425000    0.0018738600   -0.0000928300
   0.0082175800    0.0054542800    0.0002398000
  -0.0164460200    0.0333803900    0.0011777300
   0.2817537700    0.0967497500    0.1280807600
  -0.0144121600   -0.0042495300   -0.0072950700
  -0.0066969000   -0.0000817000    0.0005315400
  -0.0066766800    0.0001050000    0.0005405600
  -0.0147530000    0.0040944800   -0.0074821400
   0.2678625800   -0.0863981000    0.1362465200
   0.0315349800   -0.0000232300    0.0058129900
  -0.0081292600   -0.0177645200   -0.0073104900
  -0.0066423000   -0.0036324100    0.0007032200
  -0.0052297700    0.0000106300   -0.0000032800
  -0.0066202600    0.0036127700    0.0007117000
  -0.0081248500    0.0181141400   -0.0074682100
   0.0041278500    0.0032585200    0.0001898700
   0.0040672700   -0.0032980200    0.0001922600
  -0.0014423300   -0.0048039700    0.0005305000
  -0.0026809900   -0.0014938900   -0.0000025800
  -0.0027042700    0.0014358200   -0.0000041400
  -0.0014314500    0.0047569200    0.0005417200
  -0.0000509800    0.0027720300    0.0000643900
   0.0007678300   -0.0000129600    0.0001021000
  -0.0001321000   -0.0027617300    0.0000637900
   0.0001546700   -0.0022222800    0.0005352300
  -0.0003567300   -0.0000457200    0.0007077200
   0.0001634500    0.0021831400    0.0005373300
  -0.0010708800    0.0055126500    0.0001873600
  -0.0020997100    0.0016563500    0.0001028200
  -0.0021129600   -0.0016622900    0.0001014100
  -0.0011408600   -0.0054833400    0.0001948300
   0.0076100800    0.0010931400   -0.0074066900
   0.0079801700   -0.0014945200   -0.0073774700
  -0.0038519500    0.0205436700    0.0058835400
  -0.0061028400    0.0033882600    0.0001885200
  -0.0048834900   -0.0000309600    0.0000640900
  -0.0061063600   -0.0034049200    0.0001936200
  -0.0042762300   -0.0205610800    0.0057428100
   0.1163721300    0.0053155900    0.1324397100

37   
  0.0145915500709273   0.0000000000000021   0.0262123380591587
   0.2683009700    0.0864236000    0.1368143800
   0.2813729800   -0.0967455700    0.1275562000
  -0.0145470200    0.0142355500   -0.0074490300
  -0.0066856300    0.0017478300    0.0005402200
  -0.0066933000   -0.0017411500    0.0005319700
  -0.0145664800   -0.0141910900   -0.0073337500
  -0.0043813000    0.0203741100    0.0058413300
   0.1163751900   -0.0057432000    0.1324762700
  -0.0037442400   -0.0207021500    0.0057853500
  -0.0060527400   -0.0026968200    0.0001896600
  -0.0048778200   -0.0000439600    0.0000639900
  -0.0061470700    0.0025467200    0.0001920400
  -0.0011572100    0.0063185300    0.0001909600
   0.0078129900    0.0089666400   -0.0073136400
   0.0077994800   -0.0085150100   -0.0074725300
  -0.0010830600   -0.0062420900    0.0001907200
  -0.0020893200   -0.0016664500    0.0001019600
  -0.0020978700    0.0016603500    0.0001020200
  -0.0000924500    0.0027842700    0.0000643700
   0.0001405900    0.0039103600    0.0005294600
  -0.0003368000    0.0000804500    0.0007076300
   0.0001671000   -0.0038153000    0.0005429400
  -0.0001011800   -0.0027365800    0.0000636000
   0.0007877100    0.0000179100    0.0001019700
   0.0041161600    0.0024836900    0.0001897900
  -0.0014351400    0.0031307300    0.0005335200
  -0.0026939800    0.0014994000   -0.0000031100
  -0.0026838400   -0.0014492800   -0.0000038800
  -0.0014305100   -0.0031148400    0.0005387700
   0.0040818300   -0.0024823600    0.0001919400
   0.0315119300   -0.0000064900    0.0058148500
  -0.0080937900    0.0079315600   -0.0073697100
  -0.0066367700    0.0036580900    0.0007062400
  -0.0052421700    0.0000311000   -0.0000034400
  -0.0065987500   -0.0035939600    0.0007086600
  -0.0081351500   -0.0078493500   -0.0074131700
  -0.8038879700    0.0160478600   -0.2195172900
   0.0696210700   -0.0041220200   -0.0289170800
   0.0110334400   -0.0001273800    0.0010050500
   0.0066232200    0.0000306500   -0.0001944400
   0.0109886100    0.0002214900    0.0009516600
   0.0676769800    0.0043020700   -0.0272665200
  -0.0038834000   -0.0461667700   -0.0274964100
  -0.0043214700    0.0462231600   -0.0286587200
   0.0066835600    0.0074783300    0.0015234400
   0.0052430300    0.0016683300   -0.0002571300
   0.0052741500   -0.0016250000   -0.0002539900
   0.0069315400   -0.0074984300    0.0014669400
  -0.0000748600   -0.0066848100    0.0009495800
  -0.0061817900   -0.0001114200    0.0014957800
  -0.0001663000    0.0065388500    0.0010070200
   0.0022912600    0.0030317500   -0.0002577900
   0.0023800300   -0.0000138900   -0.0000413600
   0.0023327000   -0.0031021000   -0.0002534200
   0.0006297700   -0.0034803600   -0.0001921000
  -0.0002740500   -0.0016078900   -0.0002552300
  -0.0003197600    0.0015347000   -0.0002560800
   0.0006106500    0.0034515500   -0.0001968600
  -0.0002882500    0.0018374100   -0.0002562700
  -0.0003055400   -0.0018460500   -0.0002549400
  -0.0001333400   -0.0062654400    0.0009761000
   0.0023117500   -0.0033719000   -0.0002555900
   0.0023978000   -0.0000245900   -0.0000413500
   0.0022945600    0.0033345100   -0.0002556000
  -0.0001258500    0.0062285200    0.0009803500
  -0.0061629200    0.0000344000    0.0014954800
  -0.0041763700   -0.0379212400   -0.0283246100
   0.0068147700   -0.0075269900    0.0014973300
   0.0052712800   -0.0013849600   -0.0002559700
   0.0052643600    0.0013364200   -0.0002552200
   0.0067651700    0.0074522000    0.0014933800
  -0.0040011900    0.0376637600   -0.0278366900
