72   
2    

1    
  0.0146237256986755   0.0000000000000030   0.0261944010561398
  -0.7277926900   -0.0152612200   -0.3729220000
   0.0653511100   -0.0136399400    0.0002027600
   0.0093261900   -0.0038126800   -0.0016855400
   0.0060861700   -0.0000528200    0.0000635800
   0.0092807200    0.0037703000   -0.0017329800
   0.0639820800    0.0137619500    0.0016680200
  -0.0172179100   -0.0607816700    0.0011047700
  -0.0168276000    0.0610573300    0.0007810100
   0.0081995900    0.0054951800    0.0002227900
   0.0054907600    0.0004382000   -0.0000971500
   0.0055240700   -0.0004177800   -0.0000949600
   0.0082095600   -0.0054499100    0.0002496400
  -0.0030714800   -0.0108194300   -0.0017223000
  -0.0011715500    0.0000705700    0.0002359000
  -0.0029416700    0.0108606300   -0.0016964500
   0.0020397200    0.0038637800   -0.0000969400
   0.0025557500    0.0000360500   -0.0001055800
   0.0020829600   -0.0038087000   -0.0000954200
  -0.0002404300   -0.0036889300    0.0000643400
   0.0000825300   -0.0026540300   -0.0000961500
   0.0001011000    0.0026280500   -0.0000961400
  -0.0001898000    0.0035871600    0.0000626700
   0.0000980000    0.0012744500   -0.0000958200
   0.0000852300   -0.0012857300   -0.0000964000
  -0.0030472300   -0.0033280200   -0.0016991700
   0.0021186000   -0.0023616400   -0.0000971400
   0.0024562400    0.0000423400   -0.0001055400
   0.0021040200    0.0024148200   -0.0000950300
  -0.0028641300    0.0033625200   -0.0017208700
  -0.0012744400    0.0001158400    0.0002367900
  -0.0174318000   -0.0335602000    0.0003796400
   0.0082925100   -0.0054366100    0.0002432100
   0.0054805000   -0.0018596600   -0.0000971000
   0.0054339100    0.0018908400   -0.0000949900
   0.0083149600    0.0055050000    0.0002295800
  -0.0167228800    0.0333082100    0.0015212000
   0.1181241800    0.0050816800    0.1327949300
  -0.0036649800    0.0204285100    0.0055062200
  -0.0061325000    0.0034288000    0.0002010800
  -0.0048855200    0.0000136000    0.0000684200
  -0.0061380000   -0.0034097500    0.0002064500
  -0.0040678800   -0.0204038900    0.0053700300
   0.2588616100   -0.0802531500    0.1363669400
   0.2726746500    0.0904389100    0.1286896700
  -0.0145817100   -0.0041266300   -0.0072241700
  -0.0067551700   -0.0000660400    0.0005288900
  -0.0067844600    0.0000794000    0.0005382000
  -0.0149273400    0.0039717200   -0.0074088700
  -0.0081159300    0.0183847300   -0.0073936300
   0.0315069100   -0.0000629700    0.0054380600
  -0.0081340300   -0.0180791300   -0.0072410700
  -0.0066483800   -0.0036501300    0.0006867800
  -0.0052773100   -0.0000188900    0.0000031900
  -0.0066394600    0.0035868900    0.0006948000
  -0.0014242000    0.0048773800    0.0005388000
   0.0041398400    0.0032577000    0.0002025600
   0.0040826200   -0.0032609100    0.0002042700
  -0.0014323900   -0.0048354800    0.0005280200
  -0.0027073700   -0.0014944900    0.0000038800
  -0.0027243000    0.0014739500    0.0000022400
   0.0001929200    0.0022026700    0.0005346800
  -0.0000700700    0.0027755700    0.0000684600
   0.0007576600   -0.0000123200    0.0001030200
  -0.0001038900   -0.0027726900    0.0000680800
   0.0001375300   -0.0022497600    0.0005327300
  -0.0003671600   -0.0000440400    0.0006911800
   0.0080461200   -0.0015654100   -0.0073036300
  -0.0011090900    0.0055205300    0.0002001500
  -0.0021100700    0.0016255500    0.0001037700
  -0.0021089000   -0.0016769900    0.0001022600
  -0.0011776600   -0.0055494200    0.0002072100
   0.0076610700    0.0011202800   -0.0073358400

37   
  0.0146237256986755   0.0000000000000030   0.0261944010561398
   0.1181003000   -0.0054228300    0.1328346000
  -0.0035380500   -0.0205797400    0.0054058100
  -0.0060638800   -0.0027738900    0.0002020400
  -0.0049115300   -0.0000822800    0.0000681000
  -0.0061627500    0.0025848800    0.0002040900
  -0.0041663500    0.0202013500    0.0054715500
   0.0078640400    0.0092202500   -0.0072411300
   0.0078772100   -0.0087387200   -0.0074012100
  -0.0011316400   -0.0062340000    0.0002032600
  -0.0021011900   -0.0016689800    0.0001024600
  -0.0020790500    0.0016860300    0.0001026500
  -0.0012079800    0.0063552600    0.0002028800
   0.0001091400    0.0039867400    0.0005268500
  -0.0003095300    0.0000969700    0.0006905900
   0.0001724700   -0.0038754100    0.0005400400
  -0.0001317900   -0.0027409600    0.0000677300
   0.0008151400    0.0000328100    0.0001025200
  -0.0000884500    0.0028030100    0.0000684800
  -0.0014606300    0.0031187600    0.0005308700
  -0.0027024900    0.0015116100    0.0000030400
  -0.0026875900   -0.0014994000    0.0000023700
  -0.0014553000   -0.0031801300    0.0005359600
   0.0041112400   -0.0024920400    0.0002043300
   0.0041489100    0.0024553500    0.0002019200
  -0.0080964500    0.0079032400   -0.0072974100
  -0.0066252200    0.0036878700    0.0006892600
  -0.0053026700    0.0000541400    0.0000027200
  -0.0066206600   -0.0036021300    0.0006916100
  -0.0081110800   -0.0077983300   -0.0073416400
   0.0314664500    0.0000231600    0.0054402700
   0.2723316700   -0.0904764500    0.1281161500
  -0.0146822600    0.0144349800   -0.0073774200
  -0.0067691600    0.0017868300    0.0005374200
  -0.0068121300   -0.0017642900    0.0005293100
  -0.0147024600   -0.0143632000   -0.0072616200
   0.2592254200    0.0802348400    0.1369889100
  -0.7912232200    0.0156452000   -0.2197440300
   0.0708974000   -0.0041716600   -0.0289053000
   0.0111727500   -0.0001523500    0.0009946500
   0.0067047700    0.0000317800   -0.0001986900
   0.0111289700    0.0002527000    0.0009421400
   0.0689495600    0.0043704800   -0.0272425200
  -0.0036459800   -0.0468581100   -0.0274801200
  -0.0041221300    0.0468688400   -0.0286385500
   0.0066739100    0.0075219600    0.0014752500
   0.0052716400    0.0016745600   -0.0002530900
   0.0053077000   -0.0016300800   -0.0002499000
   0.0069229400   -0.0075421500    0.0014196700
  -0.0000390800   -0.0067763300    0.0009400800
  -0.0062639300   -0.0001154900    0.0014480700
  -0.0001344700    0.0066228100    0.0009962700
   0.0023047600    0.0030587100   -0.0002537600
   0.0023808800   -0.0000158100   -0.0000457200
   0.0023446900   -0.0031326800   -0.0002493500
   0.0006472600   -0.0035170900   -0.0001965200
  -0.0002808700   -0.0016210700   -0.0002514200
  -0.0003291100    0.0015534000   -0.0002522200
   0.0006271800    0.0034896100   -0.0002010100
  -0.0002955200    0.0018443000   -0.0002522400
  -0.0003137700   -0.0018469100   -0.0002510600
  -0.0001007300   -0.0062987600    0.0009665400
   0.0023274400   -0.0033865900   -0.0002517700
   0.0023968600   -0.0000265500   -0.0000457700
   0.0023056800    0.0033514900   -0.0002516700
  -0.0000893400    0.0062627700    0.0009700600
  -0.0062470000    0.0000308900    0.0014478000
  -0.0039628400   -0.0384642200   -0.0283148400
   0.0068052900   -0.0075706900    0.0014499100
   0.0052996300   -0.0014061600   -0.0002520300
   0.0052965600    0.0013526300   -0.0002513200
   0.0067590600    0.0074944300    0.0014453900
  -0.0037786300    0.0382208500   -0.0278102600
