72   
2    

1    
  0.0145207499171464  -0.0000000000000001   0.0262516251276696
  -0.7640744100   -0.0160437500   -0.3798575900
   0.0662379900   -0.0131317200   -0.0016509200
   0.0092689700   -0.0036807500   -0.0015988700
   0.0060284200    0.0000052000    0.0000522300
   0.0092256800    0.0036928200   -0.0016463500
   0.0647565600    0.0132044700   -0.0001614100
  -0.0169415000   -0.0604886100   -0.0007245400
  -0.0166463100    0.0608619700   -0.0010724300
   0.0081934200    0.0054873500    0.0001922500
   0.0054854800    0.0004245400   -0.0001041300
   0.0054706800   -0.0004351400   -0.0001017400
   0.0081936400   -0.0055017900    0.0002200400
  -0.0029117400   -0.0106732300   -0.0016356800
  -0.0013234700    0.0000390800    0.0002060000
  -0.0028353400    0.0106966700   -0.0016095000
   0.0020615600    0.0038673400   -0.0001037500
   0.0024948500    0.0000128300   -0.0001072100
   0.0020521900   -0.0038337500   -0.0001022500
  -0.0001728200   -0.0035559300    0.0000531700
   0.0000519000   -0.0026809100   -0.0001029900
   0.0000695200    0.0027163700   -0.0001028600
  -0.0001231300    0.0035756200    0.0000512200
   0.0000704000    0.0012793300   -0.0001025200
   0.0000510400   -0.0012255400   -0.0001033800
  -0.0029437000   -0.0033064600   -0.0016127000
   0.0020370200   -0.0023926400   -0.0001039000
   0.0024948300    0.0000114300   -0.0001071900
   0.0020766900    0.0024167900   -0.0001019700
  -0.0028047300    0.0033160800   -0.0016340500
  -0.0013224900    0.0000881000    0.0002065600
  -0.0171485800   -0.0344706100   -0.0014626100
   0.0081703300   -0.0054789500    0.0002112800
   0.0054749500   -0.0018706100   -0.0001038600
   0.0054818300    0.0018807900   -0.0001019600
   0.0082112600    0.0055068800    0.0002015300
  -0.0164448600    0.0342187800   -0.0003209200
   0.2893629900    0.0997363100    0.1333817200
  -0.0144377300   -0.0043955300   -0.0073596600
  -0.0066745800   -0.0001001200    0.0005411900
  -0.0066638200    0.0001174200    0.0005500400
  -0.0147714100    0.0042748700   -0.0075520800
   0.2753140400   -0.0892417800    0.1418755700
   0.0319664400   -0.0000272700    0.0064788800
  -0.0081804800   -0.0176169300   -0.0073739500
  -0.0067083800   -0.0036791400    0.0007250500
  -0.0052532300   -0.0000094400    0.0000031200
  -0.0066605400    0.0036442200    0.0007334200
  -0.0082023500    0.0179446400   -0.0075393100
   0.0041243700    0.0033326200    0.0001918000
   0.0040981000   -0.0033516900    0.0001948100
  -0.0014386900   -0.0047430700    0.0005400000
  -0.0027166300   -0.0014886300    0.0000038000
  -0.0027046800    0.0014475200    0.0000022000
  -0.0014275900    0.0047053500    0.0005514000
  -0.0000609900    0.0027754700    0.0000704500
   0.0007866800    0.0000005000    0.0001121600
  -0.0001313500   -0.0027740200    0.0000700800
   0.0001243600   -0.0022505900    0.0005444900
  -0.0003425600   -0.0000341200    0.0007294500
   0.0001449900    0.0022023000    0.0005472300
  -0.0010430800    0.0055045500    0.0001896500
  -0.0020968600    0.0016660200    0.0001129400
  -0.0021358800   -0.0016870600    0.0001115000
  -0.0011184400   -0.0055184200    0.0001968100
   0.0075825700    0.0009568600   -0.0074728600
   0.0079297800   -0.0013829400   -0.0074460400
  -0.0039256200    0.0208410900    0.0065495800
  -0.0061311700    0.0034140300    0.0001912400
  -0.0049023900   -0.0000236800    0.0000703100
  -0.0061728000   -0.0034088500    0.0001954600
  -0.0043567200   -0.0208503300    0.0064084000
   0.1188575200    0.0054877700    0.1379141900

37   
  0.0145207499171464  -0.0000000000000001   0.0262516251276696
   0.2757521800    0.0892740100    0.1424005200
   0.2890007100   -0.0997241600    0.1329048500
  -0.0145924700    0.0140954900   -0.0075166700
  -0.0066679800    0.0016985700    0.0005492900
  -0.0066585700   -0.0017043900    0.0005410100
  -0.0146068700   -0.0140682600   -0.0073997400
  -0.0044704500    0.0206985900    0.0065043000
   0.1188682200   -0.0059538400    0.1379528800
  -0.0038106500   -0.0209946900    0.0064545900
  -0.0060963900   -0.0026501100    0.0001915700
  -0.0048972100   -0.0000250000    0.0000695400
  -0.0061951700    0.0025171600    0.0001939900
  -0.0011139500    0.0063684000    0.0001931500
   0.0077740700    0.0087945700   -0.0073807800
   0.0077461500   -0.0083552900   -0.0075391500
  -0.0010409700   -0.0063061000    0.0001923400
  -0.0020978200   -0.0016835500    0.0001111600
  -0.0021246400    0.0016681200    0.0001112100
  -0.0000955500    0.0027927800    0.0000699300
   0.0001334300    0.0038602000    0.0005384700
  -0.0003375500    0.0000692100    0.0007288800
   0.0001438300   -0.0037758400    0.0005520000
  -0.0000903000   -0.0027543600    0.0000690900
   0.0007911300    0.0000068800    0.0001111800
   0.0041332100    0.0025223100    0.0001919800
  -0.0014312300    0.0031578400    0.0005425600
  -0.0027113500    0.0015025900    0.0000023900
  -0.0026995200   -0.0014336000    0.0000017100
  -0.0014276400   -0.0031041700    0.0005477500
   0.0040951100   -0.0025029800    0.0001936100
   0.0319667300   -0.0000269600    0.0064810500
  -0.0081605000    0.0080727800   -0.0074375900
  -0.0067078200    0.0036894000    0.0007275700
  -0.0052481600    0.0000227900    0.0000020900
  -0.0066508400   -0.0036334200    0.0007298300
  -0.0082155900   -0.0079976100   -0.0074789500
  -0.8225974300    0.0163946900   -0.2309733300
   0.0707582000   -0.0035709000   -0.0300841300
   0.0109698000   -0.0000536200    0.0010108100
   0.0065768000    0.0000282200   -0.0001980500
   0.0109212000    0.0001591700    0.0009557400
   0.0688201500    0.0037458400   -0.0283753500
  -0.0041844000   -0.0464799000   -0.0286122800
  -0.0046415800    0.0465083100   -0.0298181500
   0.0067771900    0.0075484600    0.0015641100
   0.0052794800    0.0016658400   -0.0002705000
   0.0053240300   -0.0016495900   -0.0002670200
   0.0070323700   -0.0075882500    0.0015045400
  -0.0001285800   -0.0065807800    0.0009530600
  -0.0061940100   -0.0001022700    0.0015349500
  -0.0002029700    0.0064500900    0.0010129000
   0.0022883300    0.0030477900   -0.0002712300
   0.0024229700   -0.0000044400   -0.0000467900
   0.0023480200   -0.0031025000   -0.0002665200
   0.0006087700   -0.0034686000   -0.0001953800
  -0.0002697500   -0.0015944200   -0.0002684200
  -0.0003084700    0.0015329400   -0.0002692400
   0.0005910700    0.0034321500   -0.0002004100
  -0.0002834400    0.0018764000   -0.0002694100
  -0.0002943500   -0.0018735900   -0.0002681300
  -0.0001709800   -0.0063428100    0.0009808300
   0.0023387100   -0.0034097400   -0.0002688600
   0.0024115600   -0.0000317800   -0.0000468800
   0.0023085500    0.0033444300   -0.0002688000
  -0.0001483000    0.0062810400    0.0009852600
  -0.0062045500    0.0000311400    0.0015346300
  -0.0045199100   -0.0392835400   -0.0294698800
   0.0069434400   -0.0075988400    0.0015366000
   0.0053087900   -0.0013719300   -0.0002692600
   0.0052832800    0.0013402600   -0.0002683700
   0.0068901600    0.0075407200    0.0015323800
  -0.0043097000    0.0390627100   -0.0289670100
